97
600 199
93375 35347 98323 20198 14304 67832 5569 1859 60758 86357 6730 43172 1063 19927 23843 3081 11430 98077 5688 52736 14297 31590 6069 50817 40626 24411 71153 678 78011 12463 74405 16622 69584 45298 6595 95458 5385 3992 77361 45984 76474 25005 3500 94275 53981 8548 31381 7734 55130 23826 56592 94991 96224 17744 42288 33849 88017 28962 23293 94956 14977 97384 52580 2300 12297 66916 86818 79930 66142 52610 22139 10821 18314 88144 14349 80770 31255 21468 94750 42341 37767 97355 21938 3497 17487 3153 19956 92199 29478 73703 24072 11126 26377 47339 19130 9684 72014 75575 37866 99093 65172 20720 26391 30420 79500 55327 32766 55451 7156 93303 28150 9424 45797 86995 8438 32298 68414 99890 37101 88140 29074 58015 81743 75559 69920 81474 20292 58609 55284 70785 4390 93226 13406 58454 42230 43 3258 47771 66753 10708 43607 48550 60090 55214 76707 94069 28768 1084 61167 60035 69913 25395 46104 41395 58897 63141 70142 16342 18150 66451 76244 45009 66218 8134 21402 14148 15702 52691 4717 59991 13364 80192 80604 94356 24995 90564 16954 20088 76716 76178 76760 70771 3535 3853 92651 64368 5459 50324 21464 94287 1680 8099 98270 35294 31944 15352 6200 73152 17786 
522 200
7703 3902 60585 84440 42645 76095 56559 93318 39891 61274 60095 69112 26462 90929 85038 68008 90744 69369 7631 420 79244 37857 20065 5477 37143 57340 68461 8738 56625 75825 8022 88687 44119 32628 25170 67781 83320 25205 51167 18614 13359 29705 42114 80057 29876 3799 40231 48527 1932 88771 66981 26019 75887 1458 10234 11277 30067 14199 38819 15517 21240 18631 56659 7024 81440 67320 27582 7064 25344 75026 21168 73055 68826 50425 94869 89648 51801 533 64588 76646 36107 72619 39306 49710 93137 73792 90552 47685 31057 10082 14885 65940 59380 59537 36605 3040 60855 76997 78680 4931 23084 99597 99120 12759 61675 82643 72716 79791 36133 65797 94485 91126 48984 8559 68254 28654 62992 3985 54349 37563 20248 45137 93812 17660 94185 38075 17745 8016 95652 81332 86294 91691 14823 40799 94492 89976 14846 6133 75771 88888 89576 97038 82844 97548 19750 51887 77365 46779 35504 12188 63934 13366 25710 86337 27151 22547 23414 95100 98805 10609 79210 43866 43984 91717 53304 34749 2358 7017 60876 44900 62322 14529 66103 77537 18834 50213 43919 48228 5342 17280 12124 36276 96494 93354 84882 32324 34546 87925 61467 32235 64942 89898 2449 33141 91564 5582 53691 91967 7266 47240 
594 195
77811 24856 8910 1968 95675 99743 52301 13423 94120 1667 25255 54035 18435 68634 94007 21682 94633 17932 6181 58851 72829 18504 11379 61321 86360 63867 60881 47755 65898 82351 84312 67930 92275 28198 29339 96113 28216 90023 50310 1116 35999 20268 23797 21533 20404 45335 33848 59042 81581 12199 97000 66330 59966 37433 61977 90045 61469 95792 14783 3123 13144 37303 56314 32342 99738 30108 12923 29197 97028 30973 76545 42607 27713 45910 82212 91735 92244 8702 47132 12326 5887 72382 25427 77113 34525 99765 93098 97668 22546 24110 60819 30370 17564 20269 55712 77762 87421 92386 24457 86513 72893 52188 33437 79587 22653 94022 23921 69038 2793 59595 22294 67752 98941 80022 19944 61864 9032 16578 11482 38400 25491 81293 5438 40558 96855 80476 24262 67346 35158 76102 9011 57863 99914 34439 36465 16882 76390 23560 19119 65179 82340 98246 43114 82490 28204 5067 1475 21981 21409 63283 96655 26764 717 19848 11999 9601 77741 78925 56629 3133 13035 72299 66669 7662 64700 93177 93917 15688 80930 32444 38636 71357 472 3548 28584 15993 46919 15389 66277 3987 49995 6633 91459 33243 61651 11273 21826 70527 32601 81820 97564 99165 40445 19985 32404 
157 199
41326 39988 53608 66296 33393 95679 72788 48698 22957 81000 53641 17964 94692 96573 83498 30602 35256 15582 34269 84686 27481 35388 52690 30426 91631 87878 34930 67896 43862 57728 42128 61516 79325 43545 2260 67229 22448 22798 19146 7665 71127 22895 80526 83211 44401 21859 24380 54877 38321 4393 4828 17157 61590 21378 3000 80072 84795 46044 73009 81819 1209 19723 44486 79672 79381 23233 27355 54590 77783 14543 61761 97574 60974 87169 4799 14049 42860 29059 64311 65527 12047 32347 23776 81478 98105 82315 19517 36317 72441 35727 19190 20889 5414 36153 22763 28021 90208 34678 47822 96779 99053 79327 71728 59117 98694 98564 98340 88926 88399 56299 26986 84745 29311 33614 96093 94999 70857 69763 38573 26404 58610 29757 12602 89525 12171 60246 85106 85657 17210 47877 76157 4984 48474 41436 39456 59600 35177 67393 24047 65596 67030 59590 9023 16904 96669 64344 56324 78822 27978 15290 9681 76897 89146 72592 28911 15868 42080 92018 48209 91679 32918 91577 6762 23601 67748 35716 55200 37181 92262 83845 75183 34054 6472 34936 59103 19450 81234 72639 50758 2242 81111 16078 42556 61865 24958 72332 77502 23206 91609 92252 4381 32831 19274 26814 13807 91991 44246 7242 90969 
972 196
77091 64661 8296 9712 9545 70278 37503 17177 87891 60255 81419 81449 874 76912 84951 86454 67656 8272 82336 30135 9157 87323 64859 45423 54094 10165 28256 26952 20671 42865 89547 72161 82319 27410 73411 63183 63754 17694 78177 74329 34605 52664 79767 86809 1460 15618 38210 84636 83537 85765 5868 41343 72792 16187 89348 2760 26301 24558 29799 35686 93825 48894 38646 81310 62306 36875 89839 57404 6338 61940 29563 48625 36087 55922 3323 70503 97809 80911 82683 98838 26881 84088 36378 43589 26770 57653 74850 82086 65574 64601 72425 56665 98959 89352 48305 32870 78969 95128 20422 9714 3698 24636 10019 98230 57529 57681 81265 22440 32302 26638 36553 64714 21694 14787 90944 83929 11707 32429 86946 87397 7074 97920 2405 78329 35053 52268 19173 71592 72034 13500 79371 17582 85691 59140 99396 91929 60768 94115 12093 93939 18240 83635 14322 62812 94054 61576 45116 88430 43344 49241 36742 94369 68724 94982 19930 11531 7413 14032 42150 49712 69283 49738 96339 34312 45361 38049 12475 18161 16967 99142 29691 60402 8181 94490 27642 65729 41225 91567 95510 53875 503 72245 2372 85841 23730 49022 87015 81987 94677 18703 48936 60954 64391 74640 46293 6663 
209 189
74594 56274 39957 23766 29464 77998 55663 92751 86616 34146 59445 88554 2422 75322 15873 31727 2984 88808 8248 99004 40398 4391 45077 50963 69999 88360 95405 67641 92953 88852 53786 5223 39268 72777 75323 1982 16582 6493 60805 43021 95909 60765 19917 13168 52507 36925 63515 84594 34567 36162 70228 88442 94339 79487 57945 45216 18949 76856 45370 51869 45721 42730 29525 38487 18579 7917 28228 69464 40571 37070 70275 93733 97234 99961 15403 71694 56664 82748 27975 71473 6180 76048 2033 9384 79580 85343 37080 90316 65089 19074 35017 59000 76136 15417 74921 78706 86039 73124 39495 5394 85490 23520 21996 87093 47507 41509 6062 81771 65391 53486 16805 89660 54204 4382 7391 50057 75684 97851 796 60691 60091 21863 90060 28072 1424 10876 5062 97036 92846 11360 17464 69440 53865 35826 79988 46219 50499 3731 55803 75245 56456 30290 55495 11000 61972 47576 65694 31985 14301 9635 1202 74746 69736 25061 36496 93996 37415 84574 87170 46233 44928 25793 45381 67751 48155 46275 58537 95574 43434 91676 79225 3109 6919 84348 48328 37582 84010 23623 42195 15043 92685 10022 56903 6950 72439 88322 21026 73233 80907 
61 193
95736 59431 76904 79777 72762 95790 35036 22849 22310 73075 689 35398 95311 28809 70812 70655 39157 26317 15493 75368 55072 60305 60332 44957 59252 24031 45945 50676 56972 69677 59299 56642 46959 15005 37330 98533 38562 84783 2177 7009 44839 58298 99258 55497 45942 44808 10887 78721 33554 47616 91776 97311 89144 57355 25622 41653 70631 46413 7041 37384 41180 92223 56342 26736 20716 50273 72097 2236 70190 39990 41607 16930 69107 78728 27235 9348 27683 87586 14158 4836 34358 58788 57672 6510 48108 21166 46671 7184 36934 7987 9043 11216 73480 76560 38208 83096 80735 23676 50167 63865 9652 44212 94731 91830 86495 59422 11457 65765 67208 34833 96085 69748 16623 77860 35284 221 16667 88179 13697 98816 45396 23718 47837 96763 44413 53272 72274 16895 91817 97069 97402 37159 81459 22738 6079 32708 49378 49325 47868 42577 80609 79322 20945 2038 96625 68823 22083 62036 64654 77920 27866 21780 67607 76427 41854 93285 79470 95501 9097 13735 25900 39309 81490 52549 17981 93205 53751 76555 14342 32946 80330 74511 23410 44943 48468 77956 14439 53249 7412 53928 51325 26087 41993 62794 74819 23702 61781 31599 98381 62735 57685 44515 9960 
72 193
81122 59996 84387 58948 99601 7495 147 28379 95105 46487 98505 51333 10286 85355 11848 58208 75955 10681 19296 4711 26167 6132 57024 72945 18003 96374 17978 2628 92735 35996 80241 37103 51029 73734 93328 92400 27465 9973 59123 43733 17713 68655 74149 58689 67169 23918 19530 55378 10454 83930 61414 57616 15093 88348 95021 74179 68505 28722 52091 48316 32713 57897 90688 56072 72782 17181 88756 66585 94525 87244 81494 85744 944 28104 27241 58000 17424 34869 64547 23745 39515 83647 98744 62352 12024 27191 94950 48088 34953 21774 14719 37536 88723 27830 4554 19166 67342 87625 81516 6396 92274 70146 49625 58328 45254 90719 81955 91495 68774 63815 83990 74752 25747 79546 85584 90174 92292 36229 44806 77510 36944 29406 57088 18175 81461 67268 60659 96324 22368 68490 84849 27142 10231 97047 91777 81199 22867 76222 37604 4137 7198 37679 99588 38557 60056 73883 34409 95928 403 59182 46740 10276 28176 13649 79334 52548 82141 15162 94565 25094 33869 35721 22772 8770 78607 63046 49151 50378 86109 60658 77403 73464 49591 48583 54832 49620 44663 29959 27296 89417 76727 67528 30357 77131 29887 18347 78959 35210 61189 5134 20727 18324 42284 
607 198
99878 78384 67897 45118 29804 67092 87544 86520 92602 1848 10177 96097 19821 53158 53155 5175 13925 32635 34334 21461 20243 50717 94135 6307 53332 37956 52613 60960 84775 94495 51390 95961 17098 87695 71596 12339 68736 27210 71654 94000 93751 16088 60901 26991 42884 40920 2572 9024 81837 34997 86085 5464 27587 2369 82324 12956 99554 72354 52994 32530 40485 31981 30837 69896 47661 30322 17022 62233 35880 64798 6583 82371 30260 90133 66484 39783 71031 61771 93575 81802 93955 25945 90691 69222 79034 67780 20354 29508 61511 2060 4638 63662 82817 80831 27604 95841 72981 94814 76933 28629 17556 11847 77646 15420 86712 57564 29806 61648 4810 58442 40490 40833 37726 93159 69196 40097 70073 98512 89888 3295 99031 64913 92195 5516 60571 70987 49060 2551 17412 31809 57776 63906 13421 90696 64591 81158 23777 7222 8146 83235 91332 91356 24768 19459 7370 78692 99284 66322 93401 31266 12847 87726 764 36471 36182 35613 38786 32608 53253 27613 22179 83430 73226 40930 90238 46263 96488 88021 11569 31290 34913 89108 27936 54711 6081 51975 17462 37371 18338 74342 16248 28418 95038 39574 57817 53079 15815 25878 6320 54153 79474 35673 56701 53543 18414 30766 9480 82114 
597 181
6887 22373 86330 77254 17965 56977 66401 68501 4330 3157 78840 66970 50573 62578 88906 36811 39943 13317 16054 57907 6145 29447 55601 88043 71375 60602 82372 16445 44512 31233 89312 39019 59027 65410 55301 67827 74941 44031 54924 8655 10745 70830 48062 42754 65949 97261 7262 56991 57031 76693 47559 99596 30679 22669 9903 93418 65955 71762 42106 65711 87764 51354 61335 9302 73994 74882 87211 17725 62991 44877 1375 33326 3053 41167 79010 58035 18248 41045 92278 83104 33275 54950 91475 45228 75314 86386 76266 55507 2665 21751 26818 11003 30332 10676 87062 7494 91067 28523 19543 59951 32536 60486 20086 47271 42936 99801 37152 40800 3085 46724 16585 38526 6447 62861 11319 1578 84282 33623 48298 95586 68237 6453 88279 83034 64889 87012 21803 61103 68471 43035 32552 16019 97863 72844 97070 88458 94890 24208 56729 11568 2210 61715 45736 13957 19252 23914 34756 54651 2174 22566 26946 54833 4688 20891 84497 19770 65580 29247 7162 57063 28508 20158 92614 51900 77019 14746 64555 31776 3340 48804 16575 74971 68797 25313 30122 42685 86482 21229 21753 15100 35322 
390 188
99960 57527 4894 14561 94540 5153 37897 21120 94755 32146 54681 90995 98156 89654 72891 87867 16246 31615 27743 47460 61714 87200 51705 82684 40525 89663 83731 99324 8262 38676 60914 11997 54282 33764 12462 57374 58542 50770 76296 32669 81774 94818 46249 86505 1586 67292 76918 56574 90399 90912 6590 51367 38681 68706 83272 71530 17711 62926 18349 36398 96998 45929 91599 87950 13407 14636 62310 55690 86668 97518 48388 50595 47395 49505 33951 37429 49839 85101 95129 94267 86102 74717 26684 49056 92015 77536 32389 68523 58079 13891 45441 85951 12700 14117 75996 52718 93153 9543 56711 71385 48697 80788 76173 47932 34443 71988 29352 83648 83809 42760 75827 49346 34932 93992 93234 1571 50314 40950 70692 54429 68013 11054 31151 21475 53167 1591 92603 52646 55948 58059 35726 93366 42154 35708 63932 60817 41558 67576 8855 41136 9109 65250 90386 68417 69252 92020 96130 43275 72269 36313 58476 40128 83105 77947 34449 57256 45250 91975 83199 11287 76010 64888 67655 57101 97242 92173 78920 8231 7480 49819 51712 40283 8442 24893 42892 52889 51070 71042 57260 71951 40553 30915 97857 33080 79013 59924 83097 73634 
602 181
15550 23967 69364 79903 63011 33121 17387 87189 30097 56764 36501 75939 75429 12166 90748 85484 14932 46139 73950 77427 97434 88461 2233 65637 94172 93832 84684 61389 67152 17583 90624 63771 23417 17610 43991 53812 15858 35969 12549 88856 54700 4872 59356 88739 84258 36168 62860 98352 51871 1482 54410 56331 42378 20347 75515 94920 53923 43645 79835 27816 6387 96765 59266 93225 4179 39709 11215 3788 21673 94426 43331 73206 50611 6074 26052 45824 51658 71998 30318 64194 88512 445 7842 96138 77416 83262 87651 21197 90433 77513 23413 71518 27285 81286 62851 37305 34878 51856 37805 84370 48377 77360 95251 75527 13815 87183 79191 43859 60800 68169 20301 24819 34288 43277 65747 28556 86161 37733 50120 18259 71367 11370 47178 14429 99150 89008 73109 93101 25010 27573 70890 754 88371 19808 27957 18890 35234 6077 48892 13262 58980 88753 91696 42259 76400 26320 22939 88273 75468 3130 58333 27854 44376 83568 59051 16390 85096 48813 59706 28297 56487 79826 48210 39402 83339 19999 91207 77060 94066 457 52666 52402 93260 85524 94695 64892 1194 73508 28339 63478 20639 
100 181
48005 32338 22726 65341 17367 91112 76271 39290 85770 12525 23968 98776 93333 26199 94985 65616 45313 98180 54986 17224 19783 22438 40500 89200 19491 1029 15755 48031 79208 65627 85833 50500 51855 81291 27299 38555 85494 50895 7337 2883 42494 28978 76671 77108 5145 84373 56467 42016 51205 57020 86921 65713 78832 43785 34569 59229 91896 40063 55356 12696 58633 70206 62821 85668 51647 28695 74485 20039 10910 75220 71818 7718 39013 42659 95004 12540 66810 23392 84825 94068 29473 65040 57975 84569 82155 86329 47910 34812 13193 103 40263 27164 62572 35137 4568 78723 40848 93837 43814 92447 94040 1208 35978 47069 8471 26756 74605 5860 24477 10232 40552 84662 35065 13855 53082 84595 41086 42078 61446 32219 75033 29827 5116 47515 7434 7244 71944 73763 96413 37307 81605 23198 28963 17331 12738 41660 22409 61228 10713 11831 62824 73941 61948 46282 82457 52835 88258 13639 57270 54295 5357 67652 73561 73324 65524 23604 91673 37490 53175 91505 88600 75399 23440 23345 8576 15655 93691 22209 38083 90672 48640 83832 25566 55916 92940 46485 71038 18704 13722 44915 93993 
808 173
58772 98272 29599 73050 88843 2788 5996 37784 75075 46424 92696 80211 38866 34708 27717 12599 43803 38380 23907 93222 9443 67500 96874 99417 89439 97903 20564 80118 69082 69371 50376 49561 77845 98849 34160 96481 89836 38830 39321 61785 46357 10383 64947 99447 13503 11841 78606 66995 81179 8037 55216 87880 17073 14255 55415 54376 60236 94936 79687 34471 84857 1988 96621 15941 62882 56447 14622 47845 87007 74018 94531 51163 50930 23551 25980 12561 3329 84169 89206 89714 42656 4581 34824 57924 87591 56370 1201 21392 68865 94224 15604 62519 60004 7660 69442 39532 33355 38808 63014 73522 49528 64145 7508 41000 58241 196 46391 74827 48725 19909 69990 24576 51698 34049 46704 7773 47118 43699 42926 16988 69398 95533 79960 18885 51220 30307 44970 70991 12276 24228 64604 44655 47119 84984 89492 502 67171 88737 53771 60749 47380 44648 46571 97642 30579 14231 779 69441 36318 19895 26647 29095 14830 23661 131 17585 10337 33174 3655 96191 71343 16282 3782 32174 61508 36275 72394 6165 26817 76294 11195 94652 51824 
478 171
48241 74525 44394 54764 11613 55590 49191 94364 19335 9809 85733 40006 24366 58707 86963 8713 52713 7897 94279 65893 99747 29017 79412 71771 86260 59319 80932 50475 61872 60111 27634 32475 507 58661 2287 2490 38062 4916 60885 86106 22382 86060 51610 96844 45505 11853 6401 49504 18698 58272 21998 17766 44173 40754 15753 97540 34897 5195 46667 30051 68565 64977 4190 4142 99466 94945 95102 72250 16188 26326 31659 61718 35794 44497 54773 75879 81318 56716 54562 9850 36079 73570 73323 25237 90286 31127 43998 99686 72166 98312 83737 979 21504 35628 54345 56770 84043 72505 77107 78347 6459 86353 1829 10690 24964 26699 7317 36090 26334 563 3896 22561 81046 11618 19722 75755 64990 58237 35390 5139 91223 10735 61278 34412 61775 95093 78719 89204 46481 80089 17794 57349 10152 16173 97785 88181 64071 56077 38909 45127 662 371 96065 51924 69404 31321 34446 99304 99125 99059 24316 49330 94225 50711 95746 47199 16931 36983 83052 79646 85186 70829 26898 79346 18530 95682 59941 3084 53113 52955 37217 
178 169
15516 85431 73877 3695 60432 54730 6246 75469 16418 24801 5376 50110 76333 90904 72608 17798 91466 46060 14674 13498 82255 88817 1782 84814 46635 47690 564 72941 77613 38272 57894 39381 19305 13977 21200 38506 19801 50084 94795 9407 69856 92044 33218 65559 32226 44707 10885 90224 49959 5873 16690 10281 21286 6321 35493 18581 29241 47017 29363 75571 78446 13148 66376 64051 23446 34086 27140 2974 11952 22109 71009 96244 7247 65598 80392 88198 37215 95776 78071 8056 90186 429 9317 92100 50043 98402 82819 57109 59663 78085 69908 21115 24273 48529 67097 30134 9646 37001 68029 91473 15525 57399 50505 54485 12746 60351 89475 82385 59707 80750 76394 52437 91931 4538 72171 62732 18549 53108 9080 23500 20267 35808 69967 85460 63897 80389 23026 61010 63753 83934 90773 41300 22584 64352 43409 29998 20509 55227 24498 18578 7744 76731 55825 94177 63173 8610 11741 40543 33013 11903 56490 95969 67975 3106 45337 1333 46529 39454 25398 91045 44132 75165 54081 44085 31703 58715 37486 20438 63518 
626 167
75777 19269 11406 40220 3116 34880 68611 34854 27095 60180 63137 64329 58143 23171 11336 68996 83803 78693 80261 18556 12266 57526 47540 67923 8459 90666 13576 28421 63995 22036 69324 17921 28011 89843 5708 66820 73624 46222 54581 93102 22326 7928 68897 89308 32170 82379 27509 56119 88468 20239 68832 72946 91814 65851 9617 35580 79178 58171 67574 35680 31852 98014 26708 47436 24317 94767 78080 79883 11219 75495 62472 85134 21672 58087 84731 34010 53076 82555 58994 79393 10958 95717 75193 90041 49601 13884 86428 29395 44553 59251 8147 71204 8847 48691 49126 58502 48782 54541 72246 73885 5728 17849 39666 2072 63691 18903 24163 36942 7554 10398 86710 30719 79693 11949 31196 92233 43757 39143 63566 83391 74409 11491 81659 28292 47183 42137 36208 19975 92043 70418 49425 46284 62659 10367 21732 52083 4653 64699 42985 42773 28368 86259 2599 15273 38155 61031 84974 43553 97589 3321 94454 59176 92524 46958 82771 37027 39736 31133 78928 4748 96362 52048 53625 57359 92630 87324 39485 
23 165
71237 49586 6991 519 828 39629 8932 57563 90837 14221 97963 69900 70149 15363 30515 10477 38372 85204 86991 73556 85142 52401 41234 92839 83254 72134 47373 76251 41670 93826 53801 62262 70685 64426 2504 8573 19143 70233 254 35373 74664 63864 25452 64256 2763 22997 4093 73710 24407 91467 96364 89449 76826 63986 59607 93925 61053 6456 90964 49443 11452 54998 48535 36525 45651 65873 21372 79967 61015 54604 59870 28969 4453 560 8945 41484 78274 88598 57862 78351 56895 84742 88683 7360 59499 1174 37288 23607 81502 41269 85585 28230 93873 25947 46929 61989 33873 93636 57743 97568 72258 85578 45596 87688 7496 35226 8928 22117 64617 51454 4412 69451 28666 14639 19850 47728 287 42317 76787 3073 63133 85894 84307 50623 44556 47264 49704 59882 97631 20600 70710 85130 81301 31409 9045 96718 37239 72185 93903 7445 61439 56853 81412 13267 60032 65498 62559 37278 73501 25318 56612 20744 245 40191 96497 40859 83380 12147 37327 35541 70223 71355 21991 36817 66946 
27 188
11962 48688 40689 9444 40628 11489 18210 99850 55834 2425 61488 48201 6556 58487 5837 13614 31041 1387 87437 52942 95971 63945 72794 71449 60194 15275 53221 65100 66789 14915 19912 8551 20142 71562 89356 3037 52098 6790 99898 50730 47310 36395 83355 1477 51399 23675 12091 39425 3036 61839 80607 62938 47708 96061 52648 75837 41375 99182 20729 38818 70204 25093 35985 54093 41306 58666 41023 50588 57639 36513 80795 33805 71199 59904 15063 75257 85359 63955 20137 57566 24246 43105 26179 20955 54030 42488 98908 64910 93708 80367 52939 94534 55397 86971 82916 93798 32580 91082 75826 43685 99175 56680 33138 81064 11725 89381 1792 29054 1291 32584 82398 1189 22303 50795 82393 73940 78359 77855 7392 20965 128 13467 69499 55238 58829 83101 48497 72289 49784 14537 57758 68573 56073 80293 76130 10507 83888 85414 29509 50655 59761 21995 97817 13216 71722 92067 88038 94892 30727 31782 52016 69807 28648 78141 70891 69575 98723 64446 48232 21091 83048 57244 67554 90806 84659 52619 68733 95212 68424 13492 20007 93619 78307 27896 54556 48122 95481 76199 96048 68106 97537 79639 93025 85520 54220 37148 7419 68772 
693 180
60467 30684 41089 94340 81102 12319 53365 30795 48289 67337 43615 52832 56918 91042 5360 60175 65521 30820 55176 80884 11211 23668 34691 33369 66512 52773 86853 82260 70560 82467 76155 14043 98906 75524 85915 53292 60327 87503 62239 5787 71761 61447 1205 89511 58080 74155 20824 15965 96462 58046 11274 9009 67235 66064 37676 68154 99576 8238 49212 14917 20757 20583 10722 38194 89362 9606 74536 27815 13155 72048 2796 65292 56867 23252 60682 85163 49179 47203 50796 36625 20687 76111 70382 69297 4160 42924 41444 77227 63838 76471 6518 30026 24881 85916 82690 45681 48721 8933 84453 86304 59543 2650 26980 50769 39707 21390 71666 75338 21018 36720 1246 55158 97042 41753 93094 43868 90534 14183 45726 21524 51919 78558 72883 94630 67797 76591 90395 94293 2895 15291 37323 66184 2619 86937 41732 77930 73751 95614 52931 91232 84807 63010 72987 4095 41211 84380 88479 41661 77546 72433 72888 20907 83826 74403 15082 93822 22224 81012 22073 95671 89166 39065 97329 12187 69566 16791 50351 96004 24454 45914 39419 33305 7741 78385 9794 69646 22021 24595 47074 26042 
466 171
26054 97793 96883 90184 82386 13755 7458 82273 60019 24280 64252 35830 76112 57744 30477 75741 29335 83620 8552 12493 90305 42356 51001 85630 96656 23172 51947 73483 59111 83461 44384 74556 32487 10026 89002 15661 74395 25581 25850 69842 4048 89540 97430 11309 60562 76 72092 53686 73683 36330 45939 12304 3496 26224 66093 89911 31218 10894 40953 78271 19314 65855 86664 55899 14627 53269 34354 18932 40513 19394 61512 59723 53610 75563 13102 57304 57540 72506 84457 69212 49680 47909 36138 96739 61006 18876 20998 2026 95480 30906 66118 13640 68663 7678 7826 89485 26234 76388 24853 70967 6489 86972 37797 16848 20028 298 24352 68182 85110 51485 32992 87352 17200 9843 37629 15220 54821 72340 97419 57361 69193 19972 58855 42024 47825 91389 70844 97303 18616 63528 69144 41615 16722 774 1751 74176 23163 24132 48064 35983 8660 45669 19164 243 32134 1114 91385 76276 4349 26584 83291 56385 34008 83324 1552 27463 32383 65759 47568 82215 25476 34491 43730 43231 19646 37836 64420 75200 87146 34939 48379 
87 176
50311 90028 26373 61192 13338 98699 81491 21129 83558 33726 2027 51683 92428 2354 31066 76971 6115 66574 86479 76295 9022 62042 41857 38236 24582 81512 2028 73969 86896 18872 26277 28748 58719 43136 87251 54032 61317 26785 9943 79318 39281 6934 98724 58254 46923 26904 1151 42628 23186 18218 6341 77662 80798 40441 77578 74402 11584 23426 62291 7977 62109 77979 37222 21807 84522 91007 99307 10479 74709 75278 96987 63325 81216 91670 96410 7205 60644 80985 92812 44995 31905 83871 29148 75498 61597 83376 92609 30247 66725 28844 14928 99876 22980 17135 3617 21752 62372 59926 26162 4414 1732 21928 78371 8159 96688 24604 23526 99933 40830 65752 21104 4556 79093 3489 45227 88002 99288 90430 61444 24851 28244 49299 8781 51406 47804 40692 28971 79996 38904 28250 53499 82891 53538 10270 98818 3231 64794 5737 71939 47184 80717 92719 66007 4758 27114 46486 10854 1888 88716 57701 56171 71221 62208 44643 58004 70494 13976 34377 26857 78729 49048 33049 51715 65545 32850 61125 94144 8531 87698 45079 92201 15681 29405 72503 42598 25512 
495 155
86434 24131 36476 49998 93172 57775 56210 36164 35432 27837 97466 32858 87483 95410 75161 10063 49761 29099 46511 87780 49396 59326 45644 34346 80762 63293 77021 33189 5913 69400 20104 65418 36601 71784 13597 1464 11388 53489 77890 74367 41583 31583 566 57870 8755 13791 48386 54782 68386 77876 15299 76327 33179 43470 65766 9597 58135 18527 72960 93005 49251 19350 56919 89937 20782 21127 73791 96767 75790 30381 35176 62804 13151 30648 12331 35711 91032 41357 3313 80152 59083 76082 46257 1637 73820 87418 13550 49371 21165 77787 40663 810 17448 6258 15830 23723 16382 62534 75945 24067 87975 26375 10216 10689 33639 79701 48277 43096 17252 23079 59404 591 89119 92951 7549 71193 40304 51147 30887 39657 21301 930 63801 19628 60852 23160 74099 91766 61209 42583 24471 13083 81421 22917 47586 56434 51748 94499 75414 16626 84850 55744 32225 90225 41103 60271 66597 34919 25101 73827 36778 87959 31629 74920 79152 
387 153
24983 45696 59137 95512 28634 11678 33559 88981 32382 41487 61280 10149 38277 1529 43247 83039 44795 20701 55341 20283 26677 57144 90250 11019 78404 58989 55553 1811 90251 44327 28213 44013 90764 12312 38870 12950 52649 21810 7005 90025 7125 47317 28160 75947 44151 41495 72052 10085 82601 63085 88692 72263 89402 27520 65222 7945 8553 10096 41148 89272 10182 99865 40694 71753 94835 35946 82192 47351 23403 35469 39813 83346 31768 13848 45965 72557 93513 80503 11064 72766 4097 76381 40477 37692 6370 44242 59416 48800 28265 91767 33082 39300 52823 17289 81050 12450 56638 65297 43928 91687 57874 55730 88460 76446 69081 8667 53318 32393 52172 79185 44966 33646 50179 21567 70737 56227 42020 72657 17990 73809 54022 55658 72126 27446 97044 81382 95451 63205 33407 89314 53994 16777 81172 64778 84773 23249 20770 52148 23750 58164 94508 86795 36197 3941 23388 18939 80245 36962 21847 59986 40385 95325 55810 
854 151
15774 12840 59957 24138 82885 91537 63154 51815 41674 54347 26978 9846 27043 45039 90326 19100 51465 98778 42988 80789 31114 62180 62455 26942 63441 23575 10766 40475 50274 96949 17771 94542 41967 61410 24787 12532 31177 13405 51139 15871 76481 45463 37566 31343 94853 2637 95708 31213 95698 40849 185 82456 71277 12213 19899 61567 51309 96816 90222 80314 89653 15600 8241 75116 13846 79090 72286 65216 67009 13780 31996 69043 26593 5553 45082 24822 726 57143 90853 70633 29433 19727 94138 96179 64589 20141 93157 66036 97243 87835 75552 93214 82798 85526 9044 90697 60287 32721 45782 32026 75991 90741 1670 4278 12706 59451 38923 8819 8483 89801 93046 29530 67149 47697 87541 92904 60345 43766 4143 10263 8888 64494 59318 88946 21316 96274 3401 54054 14397 57464 19024 94303 74175 39873 75696 99501 33500 47318 62015 88825 47930 14395 75008 82777 6295 52520 66337 57094 15195 32739 27348 
736 149
10631 68656 67023 54886 40551 76443 23309 95113 78066 51181 73388 67029 73519 14212 97674 20704 25772 52557 10086 66539 22601 78629 69828 74085 35444 90499 99995 49604 57663 96527 93620 34106 49866 59907 91762 695 33431 36923 45206 89860 77253 21452 40798 57224 13678 17420 7979 73384 16431 1533 27046 46443 87405 3102 22608 88316 19098 72655 16769 73961 48331 24408 46343 3194 69078 64690 90148 9267 25742 69691 76132 93173 51160 46354 14244 22700 83321 75191 40717 1566 47441 56941 50349 58147 84597 18432 14780 59118 41826 49201 76805 59514 83444 82300 87237 20936 19904 21223 91018 79114 22284 86518 29993 52032 1412 84489 98083 66473 2029 66130 67324 20469 72688 53573 53980 59340 93851 96629 12383 74574 91528 48023 9222 38575 24255 98202 50990 10891 39760 44862 67510 57796 10110 42081 17850 88956 64037 45760 20992 67950 15607 64185 88593 50251 19324 56766 77261 23691 7136 
239 181
30252 57923 3951 43262 79863 82491 88647 40411 96466 21627 48182 42799 41139 6264 76430 21047 46467 76644 31396 8124 78678 6464 57054 9685 86552 70364 56928 91208 37172 26496 14456 43596 7394 29894 73042 87045 10023 38861 46802 81970 43157 49254 6823 60441 79250 96953 67377 18388 72141 76069 28385 14201 12590 57434 9627 38444 85799 40647 73694 37257 8028 68276 39039 85662 77119 73207 77927 83808 45890 29027 91552 33161 57779 79784 3222 29744 93952 66302 46684 11677 18128 73555 70958 54547 12743 23884 25172 90364 49665 34100 58375 90975 88523 43821 31616 94806 84683 22756 70724 12800 65444 42997 7852 22541 72609 3859 60867 44297 98334 22891 18666 97102 12848 72013 41254 2109 54424 41298 55377 51753 3861 93655 91634 98761 43091 21086 6799 46359 12770 18570 48352 20816 90762 13183 66547 29574 58071 5174 48847 11904 58935 6923 24420 38513 78152 6327 95210 71437 19509 62317 31131 30844 41506 25214 34172 94482 72894 65602 66514 31760 14685 77052 61950 87639 82804 17823 10362 74112 6105 81259 63522 30449 7561 24872 83600 93544 34910 35995 41675 10392 23740 
813 166
20730 99787 90772 72093 53602 66825 67649 94101 29096 80667 67397 61705 16572 86813 67579 93597 49173 82704 47330 42703 75533 2291 96444 54974 98942 69761 63628 16584 46320 18926 15086 13057 85959 81870 86024 43393 44156 46869 23737 5068 39863 74471 21718 56120 19424 84792 57452 15404 25973 66050 5047 59845 37140 6299 97130 73805 46049 30132 37569 48545 86654 252 47675 73661 31296 58941 46011 87078 5533 21079 21280 98504 28874 13865 19602 32438 98936 70262 97342 9740 43175 11942 21189 41990 42726 35282 33104 49410 98987 55194 12195 93859 33261 26225 70291 92437 86347 21135 90339 69079 84713 99065 14038 19939 62415 7286 95713 83296 57932 41403 62499 36255 64688 3342 5780 26412 81668 39148 26833 270 36740 41915 88315 33893 25837 9699 80168 72499 76236 89774 78036 83381 80851 18148 33648 38233 97900 54396 54024 61247 16283 1963 85890 14532 70460 26540 67940 86927 93934 36932 21950 81366 81148 20875 98664 34426 81597 92870 32830 52693 91611 85314 23988 1279 71903 2569 
669 143
88252 14403 52540 84427 10571 50867 28521 80613 5570 70123 67618 78154 19082 87257 6885 30029 89612 56509 75247 26849 52147 25957 84077 60762 32895 39336 70239 82586 36051 34076 52274 2754 37966 79400 70641 30738 80305 70937 94370 87723 28801 53243 14164 59254 54532 83184 16136 69201 43548 34390 73664 58460 85468 24416 67143 80131 6700 8034 64038 50931 97523 23743 68518 49617 96321 48052 30723 87686 58658 52143 40751 12518 60506 22329 33262 60527 49253 31190 7350 87325 2720 83318 8891 98116 93850 64325 64380 38835 61763 14334 20902 46762 98 8216 43140 99540 78551 9760 38856 56930 69213 90758 97597 76626 82439 44511 77007 87690 33095 68298 32359 67408 33453 4689 50983 57877 62182 90659 94437 11129 35964 85089 5452 61169 1239 35475 39002 7844 64303 10227 26887 73356 23964 57990 5270 9487 52213 28544 25119 50182 98467 26150 33353 
491 141
31676 10021 45573 87866 28373 17670 95707 78195 60115 1486 67096 34459 25964 75844 40986 28158 80378 47294 81702 64742 70550 93252 4517 56815 18116 96995 6302 51818 14524 92337 87879 78393 6393 37416 69664 16952 6424 58006 88013 51280 32086 19418 78855 10727 24229 70214 90181 72405 72041 53803 68467 87049 382 73111 97976 98883 52510 94944 26600 856 93795 67739 67394 48942 43958 24967 42573 52489 72466 15783 559 53679 98397 81518 58296 19229 39084 83900 3636 79921 50942 54656 40123 90668 90686 91269 81519 99290 79984 56751 637 80842 21572 73491 41230 1709 5115 58650 9637 27687 30302 57420 72740 43336 82888 54268 81824 27063 76613 17937 78768 24299 98169 78180 31902 86541 3680 83831 5380 27047 41499 25143 93648 914 11543 23577 83664 97980 59491 57717 48094 69472 4821 45963 46832 14135 2582 77802 11717 28964 32137 
158 171
90949 35364 86371 10580 8287 84417 13828 4977 57946 87523 26397 71260 1247 93446 6902 97709 3647 77748 69541 78396 66424 1741 18857 77555 60481 82652 3434 52940 59812 36447 5152 59983 41677 26858 94799 92268 46776 33177 23340 3968 68466 94300 45065 47574 28000 37927 39400 76871 63060 65117 6248 60513 82247 82111 5967 38092 35117 18671 70449 42838 61418 1824 75695 12057 10376 71946 8002 68675 84076 8975 91573 3406 30277 80592 30200 84539 93572 67733 87643 34393 48756 43861 29144 45008 80340 12690 34551 26002 20563 95486 89519 20829 84368 5349 88971 55212 78811 24674 66259 29174 50142 11038 16406 86563 46299 62207 92176 8947 13556 61607 49095 60534 30295 91423 20077 86128 96795 93175 49961 8534 65353 13668 74197 27357 15994 21008 78639 9831 12226 79411 44864 49311 54845 3079 20873 64561 21199 44144 21570 32759 3417 39552 18373 19458 80179 41875 11454 21727 48958 23512 21621 69422 90646 87019 64211 34062 20978 12671 92661 5179 86985 75513 49289 86436 70671 18635 14894 60988 2284 33982 87846 
125 137
24274 82267 3270 23556 99351 1651 46326 33164 28564 60788 19105 59263 76183 73405 9305 77474 60799 6219 92888 28263 3757 1925 75385 92141 12931 4965 68574 25431 69374 14817 16186 38232 42747 40083 39828 27026 72711 62017 25385 31280 3007 46965 4013 93059 56605 97733 3641 77713 37647 37223 11988 37185 26138 58626 10707 90869 97325 11611 11069 96670 95910 65465 36940 8598 47286 10785 91483 74413 8367 29215 93941 26362 4310 14142 87648 86044 2214 85629 66580 88575 26403 98417 35883 54 34658 31297 94572 66474 29553 98232 78227 28642 85165 31391 78660 19871 21070 35160 64070 33151 14610 61901 72138 27168 25044 32652 73585 74114 14427 63282 19632 76475 24234 26416 36070 59835 17373 39449 9248 46135 71948 423 51376 86540 6339 77622 28966 46305 80885 56219 64281 427 5806 8883 89184 19635 58901 
506 164
81068 26227 85433 45617 46753 65226 79260 21553 26387 17361 28393 11172 84202 34502 75081 96721 58517 50463 42923 27577 39985 42706 48810 29534 31759 3120 11912 2450 41338 92505 3832 12853 96249 77672 21923 75463 97178 46812 87362 34375 36034 37111 42970 72158 1826 16734 51047 88356 12898 34416 15189 95566 5089 13629 87298 87825 41616 20614 99070 33384 43637 38446 19596 94870 35466 87803 81938 82078 78478 34133 44419 43969 11730 49198 8582 58146 59249 74949 96250 71997 12778 28146 49597 27116 69714 58879 73266 91751 86449 61769 77256 74802 87057 83721 88116 83113 41570 72577 83139 38652 72654 73247 22649 99916 74345 61522 60598 17338 62012 97832 65775 68673 32873 11404 27297 31875 79934 42005 69758 18198 53422 96275 84410 44185 10025 65484 24039 80529 52798 667 62340 62885 66554 5392 97855 41951 4436 33531 38357 11794 12210 50550 2194 18345 54217 66627 86496 86415 59703 9399 60227 94286 43301 90985 77820 82700 9919 49757 80450 13826 80383 91224 49149 45090 
388 176
3461 31811 44768 49918 69491 82331 54576 59710 7426 99583 49319 97694 55977 10357 99901 95677 62365 76667 27547 36822 30457 27445 49290 85201 13316 45592 79298 51364 64677 47226 20092 93525 18975 58766 29056 48393 7493 15590 71832 35881 20635 12451 74869 71887 17276 65863 31107 23913 81396 23608 61910 48850 26517 30475 22598 18280 82837 2761 21060 59210 75326 70056 69939 6821 67971 60317 81465 35610 82282 85862 68297 73715 4489 98907 70548 13506 95186 64354 66240 58501 41931 15126 32186 44168 17008 40259 41842 52436 56439 8681 57931 99630 13268 68315 31535 53529 40030 89840 92595 22214 1541 94254 5727 625 7323 18135 29655 58979 91344 67259 37529 52882 94816 266 22121 27340 59080 38755 45795 84480 45604 69778 40993 62524 93338 92285 16193 23689 30423 1606 48317 98284 62886 76569 19404 79939 22204 74327 29107 28575 48415 85210 86879 63664 52000 2308 69348 66801 92035 93179 72359 61861 95867 47393 98074 61736 50449 83806 20080 9096 89044 63378 8844 54665 83403 54966 77971 19113 82355 13000 22271 17807 49999 81831 99552 48976 
717 150
27332 71817 27711 71265 38973 13360 1075 77047 45425 26726 42641 63435 26104 6533 78188 51565 81651 47915 54691 75021 11181 42338 79214 9626 58159 91295 53145 98568 52681 27553 72348 58693 18956 47594 40089 94229 73642 70119 84316 92215 32030 33564 11327 61874 95589 83646 74541 26358 97743 59278 35393 19416 71294 39396 4569 5226 96547 65416 71889 44858 6322 15383 11687 65985 99871 21246 43891 61572 17037 25080 72693 34751 97207 85881 82106 78771 78803 34005 41505 67101 12571 87863 73267 99941 16957 79549 24906 32452 84319 32544 92979 73558 68786 82896 87533 30599 60169 5797 61795 8297 1950 55670 22740 94335 86352 18985 59777 48750 78493 20424 27141 97080 28025 50280 19675 10260 79471 49608 77248 48066 12510 53396 54359 86858 67907 28394 38918 52014 92866 1390 14000 96111 89376 39591 11350 84506 82200 55951 15405 95030 31477 11128 92895 97343 39936 82799 68702 34266 65275 3942 
690 129
2438 65442 18638 87404 87330 47195 6753 2670 70879 94216 89117 302 37514 80315 28793 68236 76712 96414 72068 10011 53314 98147 59098 33978 77287 45704 76172 85723 28557 3189 41199 8929 34466 21669 58962 56937 97155 70726 59864 99777 66228 78411 45819 1056 20680 58142 91447 54787 73649 72411 49752 33701 29349 4325 76119 56100 80853 76208 77262 93297 91210 24940 8801 12262 85593 95542 15494 75526 30427 23029 81526 82501 29886 99451 66694 74671 57462 47145 28045 61224 44426 75699 26548 17865 42683 10661 34306 67058 19940 24563 491 44217 54250 20969 11680 79361 89247 42819 50834 93491 42217 29621 24456 77481 57699 68114 65761 93426 68927 8313 28627 3703 80329 15959 32934 39505 56348 59921 31750 11598 2618 81801 73872 44109 18915 57595 10982 25861 37464 
4 127
14716 80830 60058 51836 10378 50258 38590 10566 66572 77231 93704 22452 47642 20618 25789 12769 45667 63122 23155 2463 64104 47828 62125 31696 798 9276 22464 35998 46852 10649 11444 54536 70126 25886 28646 13459 23637 54036 88317 18401 59690 99684 99188 81065 53009 83249 40721 94789 78140 20872 44206 42857 13949 14317 34571 28776 82428 69785 49423 60389 78370 79514 19523 45270 4502 6229 76326 60243 26777 89579 72571 23982 98807 79448 46124 29237 33439 83815 63942 63354 35357 74548 42828 53674 91180 63539 64364 2537 99766 17525 59459 60967 7824 37790 8254 52775 82523 92762 8822 67829 71074 57641 95670 50355 31966 51254 99251 76762 32193 96005 65420 90954 10133 98057 3510 52890 500 81835 61491 18929 60952 86652 9214 55115 34882 70629 18817 
455 125
87818 7875 11039 54129 71132 23165 73605 74075 72776 69026 97974 81187 42293 70558 41837 70317 72714 4842 93116 4492 97132 50987 56784 24045 18818 95470 70378 76068 23923 54444 7339 6829 49951 18010 97758 63044 8840 98901 52395 27999 39328 74675 94161 35320 36006 91733 53516 59214 71317 35336 64996 41394 55386 80827 22791 91227 49792 55244 14563 79173 53790 75133 99858 54332 90428 33350 44711 76494 63437 47326 52426 98786 55314 73358 92961 9735 93930 55320 23238 63230 25017 82478 84421 76663 21024 35518 10844 47324 42766 83666 82679 46261 45566 2103 80344 30754 56344 62068 70718 7388 27773 69087 85519 76067 65252 36752 72671 88959 10271 69561 78685 96539 66203 88669 62193 60712 63672 32972 41416 78747 468 71800 13371 89167 78739 
959 163
21589 16566 65599 15966 36263 43218 47976 95920 23063 25066 10002 31818 48168 21537 47881 93466 84881 41621 63342 78032 6378 75976 15785 11772 80571 17495 22514 73826 77958 47291 42589 97989 65773 42653 25751 50961 19138 57027 30288 75623 34123 83841 44395 93118 75834 89634 53698 26477 6448 78378 98563 1053 42299 60981 7692 62951 98173 41957 48742 83 23633 58894 22322 94619 37937 27309 90592 59961 69747 82724 36441 32312 55817 63318 47502 20049 45311 82445 72967 6285 45130 28961 93820 10802 44717 86699 90360 61223 70715 95665 48618 53507 15047 37852 75772 85649 22995 70716 17433 15215 96988 70825 39501 3245 3946 71874 74314 18270 1838 82250 7281 39851 8170 26296 2350 9355 56149 98737 91085 58669 77594 22463 94846 8291 27611 46978 19255 12722 76868 23381 61909 25407 93821 85975 14632 63464 31652 62442 69902 56473 19481 26678 46586 92046 82911 17430 82269 2567 38782 64683 91402 36265 74785 35483 97288 29192 31024 6182 70577 60849 27189 47263 22826 
59 148
73532 11895 87814 11117 86844 48703 87322 92322 42690 73672 54516 27255 38144 39007 15045 96893 90601 15163 73490 41800 35499 82701 26510 19449 96014 53002 64084 11445 56052 20122 25116 75854 82935 42674 21022 90047 29625 6492 5564 96193 66719 68163 66619 88422 50222 61045 70751 91780 59309 32191 99033 70615 40602 30638 49196 3148 79760 96632 15844 92317 53176 66513 39748 6958 26961 50750 53186 97381 78182 77539 9165 53528 34262 24436 66470 94829 8555 77898 17447 92711 4849 70895 7783 80684 52918 38127 84899 59062 94082 8138 26109 12924 42163 17041 54605 71081 42492 42125 84725 98597 88332 60947 75711 55029 88239 72510 75906 46150 34003 36790 1624 53372 84756 38978 54377 91134 30283 87348 13080 22123 66019 27848 59420 61315 13478 56802 80166 43034 55460 82415 44807 95319 31084 17843 89690 5369 95940 9946 31336 99193 28538 53247 38787 56964 96464 23179 46755 61879 
665 160
33269 3662 42416 89995 10158 34982 81833 14847 90287 20428 37208 83818 95379 48198 50732 90907 66290 41840 67552 87970 78831 9986 36623 2172 67573 98732 30870 62179 91980 70425 20201 1531 53540 1752 11887 7123 78504 93379 86785 41422 27840 74386 96691 84435 5866 46040 59677 78836 84852 13840 59853 76993 14756 86399 97115 63936 25213 56230 49082 84379 10341 64872 96213 55551 69211 65650 71429 74741 44797 78761 23137 61543 52985 50195 28763 12406 21394 11476 47667 12139 25916 968 76424 41346 17147 67734 62284 71553 14220 74463 23544 47048 53106 38273 29678 21175 35100 26775 94547 54067 20246 76053 57068 69726 71109 9764 94582 19112 12336 12486 19549 60595 76857 10238 12362 25197 1997 54900 67175 50579 90194 63725 50902 66213 30048 36292 97678 62731 37880 76181 2073 66549 95171 90233 84268 22972 47450 17339 50788 94419 6256 57220 77911 35523 88192 51531 87032 69884 4641 43206 21961 76341 71652 9485 14311 74985 92731 28304 97891 44192 
793 117
26101 75817 4068 48395 55538 5611 9603 13740 40000 49379 37262 12709 37528 29585 32486 31643 436 89952 37701 94707 30018 93947 50510 34225 54445 35588 59809 25781 37856 43541 33338 93459 58898 49273 73022 51347 13014 21170 35713 92608 29512 51081 98026 66313 35765 78725 31765 69367 79750 51547 80877 3949 9017 66504 98193 57816 99899 88394 16804 48651 92581 56706 67197 85254 44831 47302 6461 35200 53209 69851 40195 46738 2311 41236 44361 83523 72393 58513 62802 48973 41350 83535 14143 4474 44892 91243 41005 89521 46421 33641 3455 58791 72833 55583 30833 49069 86143 31963 43031 74128 67220 1323 2766 16765 30411 81162 16986 33312 78912 91222 7929 6278 10878 92218 22752 54693 10074 
894 169
99178 45724 27330 162 9679 67476 41021 60942 39493 7740 35618 31553 47004 84323 17374 79494 97198 62221 79994 6921 55343 17087 75088 30209 47067 23139 41329 89808 62520 12371 92231 75766 32593 75163 78514 34522 63102 33619 6149 53595 11667 51052 96019 80272 48206 39462 51613 85917 13519 35643 71595 43376 53866 82868 22668 46866 10546 70523 81090 58108 65032 83310 27074 70268 10563 55620 37115 91462 96999 92226 6568 26345 98486 30186 66884 81428 5300 3451 81852 73663 72520 8856 41630 32856 50753 80793 24816 50677 22431 21042 73608 49555 20516 40346 19192 47734 8200 46429 49483 10432 74038 25815 11804 80889 53032 47280 3334 53831 95385 25494 13795 10278 48627 31630 75931 54955 61392 94474 69557 8486 48940 36530 40762 68862 44459 31279 47787 92309 47856 97669 71269 79959 6637 95013 31826 23532 24378 39793 88059 20278 60102 6170 84741 19440 10078 57835 93870 70591 88903 22773 74437 83706 2419 87751 49187 13845 36965 91273 56315 62404 62587 95393 37480 27078 33221 43123 95838 99673 96426 
69 165
14377 61213 99874 27360 56478 38702 88039 65239 3706 98194 72826 48970 93990 93785 64077 88566 24 84969 63533 45273 67312 92787 19179 62225 29638 4416 82285 63811 41082 69086 99816 13160 85406 30112 44470 45756 5675 23049 43552 82183 98110 10848 16495 11076 16386 62174 63823 16628 62845 29816 64542 71090 93273 43489 49683 85570 83132 50600 98606 55302 62607 76011 60959 31327 26157 82174 21174 64577 53458 80832 36980 79917 86585 43026 9491 74060 74699 26171 57319 2288 10579 43032 61082 67706 66128 72690 66234 28570 12607 99586 44041 68392 66000 59542 32198 71561 81707 80183 14441 1236 95452 59075 56874 68004 91940 51930 79364 83213 42752 18824 28231 72490 4039 40050 65439 95193 61582 66190 2711 10364 62521 46602 3 39857 59383 81164 41959 77181 99807 61445 7874 14792 67509 41760 52542 90038 97205 64943 98689 80905 32915 77340 67468 85470 60557 15854 17953 95459 98864 88784 1252 92246 68216 90402 84446 58182 98613 89333 76007 62758 76491 97914 91353 11646 95309 
715 143
42480 8722 49200 64564 98414 9473 94081 60619 32407 29457 10793 44997 62384 22316 67548 39314 71906 34670 11675 72864 76954 40793 27475 47138 94284 35663 29888 31346 49202 56610 83966 39262 20242 71671 60282 18286 20035 42084 37727 30168 51582 66295 2074 41471 79696 2257 96253 56732 81348 37959 51726 13076 3316 71995 39767 41291 18706 24276 57178 48923 73145 33960 87852 94948 2216 28169 90971 46895 28380 73924 50998 69429 29677 51873 55637 43722 4790 75946 77412 84482 16810 20754 54117 34573 75602 86244 83783 76393 26492 55964 75692 31142 54005 7203 74090 88087 83312 89186 25935 86083 95767 16874 61154 60394 54173 1166 51771 21858 47570 6618 28887 37630 47498 37868 61462 33222 99495 87696 81595 39357 4895 67928 89208 59220 25648 36419 4511 76505 23747 12644 92836 83275 25912 10196 44964 83998 8688 53101 64978 60627 54570 11508 64212 
952 147
20834 45257 67080 99864 31021 20324 65232 16087 4021 85057 40724 92713 24656 51486 2426 77542 35942 77252 54772 93085 58148 29812 57751 75847 95583 85197 49870 52577 11990 79847 23548 57635 74158 29513 72024 17244 89078 50821 76306 65031 44641 46856 45731 96728 35586 84598 84608 61200 39418 3370 31347 31870 21813 88643 42504 62294 89017 96215 25058 52344 94055 20130 61895 88474 42667 57978 37697 90400 8083 65081 80570 28500 91798 75311 24744 96862 78509 91371 63693 81648 22290 90665 88410 54534 51733 8813 66566 77128 91763 61829 32704 66586 49338 40238 90656 50143 6613 11160 17720 90556 48886 67051 85800 89395 76307 13321 79524 56843 16189 32261 38772 96237 1080 51524 30534 32577 14086 4971 79155 45572 74563 41632 77695 14820 22369 24740 63602 12629 64401 15463 90223 96239 45002 96620 63790 60811 277 11072 11795 62232 85189 95132 52169 95494 67449 89248 75659 
82 154
94427 9965 98639 74817 43543 35839 57275 70156 20668 86280 73030 88665 31520 57333 53781 76268 91410 59437 73714 82204 6420 24571 70907 67820 63804 32539 43642 81450 77083 62171 36917 55938 23378 34537 81552 39969 13367 91355 78104 74244 18699 33418 1282 70707 31292 85113 10262 53094 84501 33823 19761 62979 88255 74592 14165 11496 31834 45634 58566 57226 90216 79053 27270 57780 77399 82392 71738 65730 15908 87737 45284 59643 14854 97380 45565 17160 73346 6773 71111 31055 87438 76343 38877 53693 87595 91349 85604 83151 7062 13241 51603 42615 38401 7745 9642 41626 61079 80749 32711 71516 94922 41916 32256 83224 2363 77823 32000 42102 5634 37020 63764 51149 1755 90857 8556 42097 10486 27365 36712 8716 1694 76540 55436 35704 90555 48819 11552 28888 96783 67293 28038 78162 18759 23527 14186 83672 42883 37650 3103 94592 26100 58645 70782 7603 20649 78772 4811 15931 3098 73887 23354 2136 48093 39365 
366 105
86168 20253 97610 89643 79700 44200 12844 34465 66705 71134 90103 43326 41046 73458 69123 5748 64756 72410 71233 30432 53370 75045 55885 16092 10938 88576 57544 88610 43325 49531 66061 56340 91506 61492 89704 70516 96068 89977 47883 56650 29206 22328 27556 51615 18965 20006 90235 670 58938 91064 28148 37831 38698 89006 75224 93938 70824 6042 60469 74655 39923 5233 32596 50746 31215 87783 23539 18071 4399 52573 96112 15123 47215 45623 97395 56391 31580 56561 92560 89909 65486 86455 2923 88504 75658 60259 36634 78257 60502 88158 89556 62383 71495 73575 64230 73477 23771 99883 62143 79303 5269 8194 97933 59798 24593 
343 103
94988 552 11226 26108 50507 89128 81869 24908 38463 96922 89702 36377 58706 25651 47408 84256 36660 95162 3893 89563 15331 85747 87545 44857 46157 85319 31047 34498 99116 62016 27746 31570 53333 28581 52149 4192 65333 67839 62186 79714 19650 78238 50427 59219 16276 16404 29995 47844 88489 30006 7056 24527 26069 66087 48196 99661 60241 28183 57951 20489 37908 16432 94557 37458 55163 45303 29514 90737 25555 11134 33448 39734 12201 7503 45023 2918 46570 33591 19591 64258 90087 55821 35585 86854 13301 53028 65819 44832 83745 76566 73468 43455 7120 99706 9499 98476 24627 1738 1996 4550 12672 16425 76174 
971 101
45258 55807 49334 60544 75951 68593 64923 72836 43439 3162 35026 95840 81401 18305 65211 88176 81909 61024 80499 4283 73288 231 69140 62894 78668 13394 19047 82332 15570 97542 89482 20776 58890 48455 98746 16634 6037 30251 25641 18584 46862 45957 20451 68743 24660 32274 10556 26737 32815 42721 49402 31061 76819 54430 16284 20214 1442 88941 4522 80333 93674 42668 4535 57965 70072 97023 80695 16824 8048 70736 51901 29924 93551 38262 6075 88639 53951 66291 16565 16934 34864 106 84805 1589 46245 52947 31275 43073 59204 45387 8466 90946 11232 24271 1693 58625 43302 79182 43952 36359 12398 
795 99
71501 65336 74924 58891 57108 9484 61691 11966 84819 17562 28182 63482 84632 80062 88735 76749 39358 95890 88302 50215 64091 67316 86166 41672 79276 12781 92422 92089 8276 63119 59691 71213 42465 10111 64333 70659 58439 21837 72574 49096 88090 31217 79231 81533 95367 32423 29049 66551 42937 10839 66726 61740 27064 8841 94193 20372 48561 83738 81177 68202 63164 73085 97065 71194 77682 2787 49762 21511 58803 48146 36611 97354 37088 44270 75056 23504 65033 283 59674 86942 26201 40279 69551 46409 22502 74041 61778 6093 72320 14436 68579 10573 33996 64342 46629 99518 61202 62444 65329 
630 97
75160 31980 80939 93697 95440 58252 30944 37500 85860 49647 41272 71393 81066 33317 35887 34183 6931 89267 31099 14666 19910 32914 9425 91312 78007 37324 65724 18508 14572 13914 67518 34429 53041 32089 95699 77489 83349 53018 56406 5331 69169 98511 34850 11165 82404 719 67185 25064 19294 94315 81166 1759 67090 39298 20211 78466 75573 95205 88223 66999 13513 32916 67409 68915 65115 1930 47960 54066 272 26226 24756 15109 77824 84426 10120 29653 48069 26247 56879 92365 6589 4263 52476 85441 39047 23728 65231 34601 3504 20043 15954 95341 84620 91514 63200 23564 81067 
589 161
88561 24998 27971 80723 35334 26432 59396 24202 49481 32802 54540 15850 91453 44684 88748 97254 95370 29578 85610 1713 69083 39478 51581 18103 24555 25797 89727 23896 22259 76965 33557 7514 56682 33335 23168 98320 55646 34843 39026 25650 10155 81904 33851 84340 68290 40989 95602 80544 46283 38491 20960 91183 6892 25761 51955 64925 64602 87732 16872 51561 80585 99804 29561 11910 31707 73655 6292 23286 57674 57611 14108 1338 53690 86609 8825 88292 74794 89270 8346 69134 86215 74895 69332 27504 84320 36834 39151 74384 90273 47544 64698 8568 58812 20362 18283 13529 63813 19501 80923 68456 46678 10561 70814 31254 87414 34555 19512 50838 2178 38593 29856 94334 58847 66436 11558 63491 50217 4200 71584 56431 34344 62736 15795 88652 22426 2697 35471 97120 93577 52883 46694 30777 4358 8441 93034 69490 4745 56973 70761 53303 86756 85332 8365 41428 15197 91130 57667 89288 10643 94360 37076 16394 14602 29101 3372 70208 92377 77942 60728 64304 5096 
393 136
15780 95913 82009 292 97453 10255 51566 40417 87326 48021 53941 44719 33819 79795 33467 26164 84293 14512 66113 17959 20942 41111 74742 5264 53487 85656 95876 68343 21677 89291 55169 78612 28927 99553 27633 76193 66915 55568 84154 78399 57972 73102 75584 90727 741 668 31810 11909 50032 27529 82117 19444 30310 34950 54898 45444 10167 55748 96564 37318 60950 38927 41210 46998 95596 97396 2837 97467 97602 53784 57895 35714 25416 63569 34957 30439 73901 13831 42597 83829 41310 99785 82976 2917 39655 17213 86561 70109 83434 67703 52081 13607 36074 6928 50851 17805 65149 908 71176 50940 60384 34290 23677 60853 14680 77041 73335 76854 91046 51530 84167 18341 3531 67021 71763 14188 68061 16233 64488 74116 11615 62370 96170 80248 8895 22720 30743 28986 53977 67654 22351 79566 90203 4460 7869 51016 
944 167
24606 37804 80713 78082 11270 63690 42793 67242 84357 52916 15812 8480 84465 69427 845 40135 71215 480 17933 25906 29323 76938 57287 29089 22778 71491 73026 90320 8899 79403 92070 66046 60148 46022 90034 98810 71643 67112 74332 35640 88517 56081 15096 77589 55329 3136 18439 7926 79256 93154 37313 9486 19203 6462 85934 48628 38960 50682 76484 81589 17875 18781 31450 24778 71692 21192 15749 94124 52932 33788 58496 20541 116 58052 65317 10241 14294 84469 63946 16670 99851 19077 24707 1768 73070 39180 63633 79926 31407 1744 13590 64762 92266 95722 2902 95780 20412 18014 61886 53416 10942 63674 67071 7880 29045 11696 45750 8025 90411 44819 97510 37533 94788 24512 60452 98040 3630 9476 83514 66869 44871 64775 70295 20607 57489 64734 78004 46808 42470 29252 33012 14039 18351 28257 90699 67366 15068 98208 26645 73654 35975 70748 79660 181 42191 11579 15443 72271 69114 97306 74902 47232 9018 69632 74816 44930 22411 82693 40677 47861 99823 81365 47643 92024 64086 96895 57176 
848 160
39404 48977 15999 28051 98519 4238 10455 42367 64703 91492 30243 92344 34801 94230 27029 27248 49469 54809 66475 53556 15079 25399 78597 88640 42249 44338 11036 49948 87462 63553 88480 79300 46939 32279 12323 60331 8600 3804 85506 53377 3927 76196 42287 54895 17716 72670 51185 58559 92958 96511 7411 84140 44481 3864 91665 47554 19014 26913 82271 36406 3198 53491 41355 12407 86156 71846 12342 29082 41438 89585 41181 90466 61244 47387 3454 76176 76467 58478 33268 61617 8532 15816 98123 53521 64421 79809 94341 75492 8925 70024 59561 42302 73420 95081 32646 847 60457 12130 81105 6940 54251 21848 29978 15518 79596 98549 85528 13672 34413 84859 57551 3794 95106 84255 5049 28694 14795 93582 40662 30189 78845 90090 965 82672 67137 25866 22762 5316 34141 46156 81693 38317 75299 31501 56710 96792 11373 42387 3174 38624 56060 96309 61232 59506 2190 39775 15224 80924 16553 25366 58149 57440 58525 74696 42295 80754 77766 73835 78705 63943 
970 145
28313 48963 24625 92459 85151 84726 87738 32283 11897 28232 65853 82447 12367 74129 3678 59327 64132 1972 27413 43696 99585 26907 20663 20339 11532 15032 97346 49341 91957 7659 60263 19536 59541 82023 34772 27589 53804 21443 3892 90358 69829 38457 90486 12409 18293 13766 68444 49257 42536 64628 57789 21645 12947 64245 35815 11555 85272 61513 67203 16596 82234 27976 11723 71709 75910 28082 16491 19656 31503 98086 90591 94734 1770 93171 96044 68016 33566 91881 36590 31031 58790 71205 61917 39809 82446 23308 30269 58992 10462 35169 42743 44 97791 43904 21363 6199 73237 79742 63036 71917 29687 64833 13464 3115 70528 22223 23935 18495 61451 47442 25609 60776 46904 88191 87210 76945 23929 50210 95412 96146 97603 12114 77939 84613 20734 35097 90160 96861 22735 37975 79281 83072 34700 94702 93580 33175 94312 50068 18247 88604 67615 93440 51739 72408 48638 
245 170
11447 20228 5746 4803 37171 23758 2789 85961 54439 30983 83470 38352 74764 82510 66348 17017 43622 3597 89568 46078 92394 76624 3292 29088 93485 35718 70022 62275 45975 63343 16439 89445 51313 73964 73221 67311 17701 28869 16447 6426 74756 23713 57004 633 549 6675 2740 68085 79254 48434 92634 1267 35094 5897 22943 50679 62035 48753 50022 84525 24935 12965 93660 68256 75751 60306 20496 16754 38733 30664 31261 14669 85921 59478 38106 25123 86134 58562 10814 80779 33382 74391 33376 33166 75320 46887 22059 18372 53234 46507 61636 93637 77763 98702 72923 31451 27700 90582 62679 83197 26717 15588 2502 45765 90015 41467 52141 93334 50478 71662 3667 82565 96147 95595 54149 33529 24706 30802 82606 45548 17653 23908 16747 5943 69178 99920 33366 96252 87497 22728 32533 45047 92387 74277 46750 82196 11706 4544 91479 18426 15009 89965 3931 96797 65755 2664 99796 3610 37198 45280 22447 79572 71536 37872 41259 8444 16085 78724 22691 23164 66676 55857 29075 19948 68842 65795 83366 61009 70042 89588 
244 139
92358 34616 90852 76722 898 43478 73588 28604 25034 80560 5534 9016 92069 1605 16841 90247 59381 4560 90774 76576 81082 37342 6832 63426 43746 5621 34763 56542 81887 79111 60695 33794 24692 18264 94192 90713 6509 62140 98481 77904 42618 23887 32869 88577 42733 20 8005 16263 95006 21871 5108 69537 22378 4680 4059 87508 42749 64400 72731 19174 16823 81908 63297 49644 41494 53465 70263 3522 46246 61900 21002 50066 52049 15833 98503 86755 86229 71809 94088 76594 35211 28742 42542 1494 40397 75127 4451 571 38228 53317 3761 41832 19500 95495 45990 38098 10332 99924 65320 59070 78578 99218 49754 32695 86175 55733 18653 39460 27220 96493 64815 27092 7983 83326 67791 51611 69186 71322 66938 52460 72317 77908 61840 77064 4289 82438 78042 13278 10505 39009 88418 85563 32128 36583 85818 74665 53339 96866 31260 
969 155
6670 5239 22707 50289 68039 70490 11148 22816 15796 53628 59156 81570 13483 14880 27725 19746 79968 32130 62333 6962 41404 29328 41807 48320 6845 80076 66952 22436 15710 56950 67799 24415 2135 62164 75341 15434 43391 20502 5338 38054 25252 3849 93133 31858 77385 41740 39838 38258 19855 22038 28061 54860 45320 69127 18910 50128 53944 64202 49536 41909 74611 41360 57302 20036 91230 97316 826 37963 62783 82782 91558 56904 61434 30558 76616 26107 90205 96203 87636 2721 62190 14648 96738 22427 6147 52019 72487 21714 73967 64159 67566 14216 62247 34782 16392 66679 6524 96886 5241 96183 21730 50013 7264 79047 48353 81413 71243 52329 70194 99025 86013 10863 2822 61720 40801 87401 13385 37153 58329 83481 66710 7513 72625 3188 40378 87888 55206 86135 98008 91359 33806 20212 86640 27824 56576 45883 67926 87827 81791 87409 3845 50729 62299 38833 48591 87377 67914 71593 17274 73117 9957 70292 31469 40273 18853 
844 158
45465 37777 37665 27024 50194 61067 8081 25162 17526 93453 42434 96752 70758 27748 91216 63659 28699 65445 85507 15731 60122 98434 70767 76625 35717 23686 61424 89629 72595 73338 32233 94665 55489 1676 73367 16741 48055 85619 44198 13586 51983 34505 35921 39713 75296 76755 86412 77561 38718 83958 19664 58990 54997 17064 87328 47985 56801 76201 26592 36669 91185 82975 83439 45905 28991 66850 75304 4566 99129 95317 52175 38190 92848 38490 87982 3758 99768 88229 2997 14305 55984 34973 94087 84071 11859 58302 7039 88725 50329 63454 38449 70618 29507 9166 67374 55133 92758 50988 50854 12614 29078 96869 68077 13673 14229 26508 3458 55240 64877 71197 65530 2658 88562 88597 12392 15646 17604 44786 51252 57761 81654 69056 70859 99971 8995 13734 42646 84078 22519 63371 67551 78291 444 5383 43925 54752 16301 63409 74851 29407 14999 24919 28286 28906 67367 31328 71444 21356 73402 32367 51894 99909 70905 53743 17477 34896 15591 32901 
241 77
82496 22941 77945 42981 96750 32777 60886 10918 79135 4621 83740 83202 31867 66120 4480 32632 683 83956 74719 29651 64217 50079 35317 22172 36951 92527 51537 91111 60911 82989 32443 85177 59714 57499 49632 98438 98140 38429 33612 27150 79946 37122 25483 93707 80296 88641 9421 22072 49216 39584 89239 15886 99989 88305 62022 23459 26631 65812 6948 65535 76735 78340 94723 66498 85458 65304 87911 24098 70858 27138 85303 93142 75207 35007 28431 57381 34077 
708 128
53080 88769 35143 46228 23169 86727 53484 53021 74733 75331 8590 56065 3167 21344 77903 61598 81550 7921 1321 20726 80290 59413 37806 34993 27416 5537 98279 90329 86194 77394 80408 38151 72727 41475 93651 35452 48532 96584 85963 32779 35260 26694 19974 987 44774 4599 1979 26119 13208 50948 94505 30036 25086 54976 65804 85647 68789 71454 32110 10092 93740 1409 70769 88240 24597 48029 67221 61449 85871 542 90274 5579 12030 25495 48454 35941 98567 59909 91852 58695 93570 69323 45705 75605 52755 932 43001 32306 18797 39348 56872 97089 18868 71899 76862 79582 39093 83688 28800 26206 4162 9448 98036 96939 8250 90569 94778 81714 97905 81151 46567 50586 49479 57347 24586 57126 62828 57631 39567 15826 39244 23486 74543 1595 73325 15454 66601 8288 
566 146
67314 85408 47370 12157 55955 31871 4269 86104 79350 42859 88139 74083 33170 75113 13058 46658 52612 57091 45976 13036 24020 89339 10914 79072 55920 88308 44570 32469 87115 45995 23102 30456 78842 29173 79347 64462 65214 79723 43804 81209 14459 73131 68212 80431 10795 2562 61947 78644 67466 67835 34835 38700 60690 83077 68134 35619 70821 77085 55272 30784 85576 41275 19485 4776 26796 53576 92224 32884 43912 14401 49209 83153 26692 76704 7865 84436 17664 12567 43760 57183 12161 17162 61347 28807 80915 89359 61622 15174 99075 10859 86903 89054 2696 17155 45383 23438 72086 81981 7294 53615 89461 10252 26337 38845 13588 55965 98228 6814 6201 82463 18260 97495 17678 29537 50364 25196 86373 75134 4596 58 38343 62033 76846 48137 59085 17797 36108 94733 5854 49086 53685 97940 84832 74904 52544 12082 65566 52841 71953 94034 39586 55025 90698 67933 76602 24002 
933 128
15611 59202 97701 98420 44949 98281 34648 92206 16635 5487 41810 36889 53273 78548 43863 30055 57856 58133 64106 68963 69760 84526 37164 74897 44825 45635 24690 49826 35232 16535 14534 13256 1969 25680 88695 81264 89451 55710 16591 56016 36627 79080 44147 77366 96260 30867 89440 21350 17404 87422 51416 91140 27609 61593 5972 80170 61226 54531 31650 9227 95916 82245 80008 66581 86524 65199 3626 64533 29729 58978 18531 21412 44776 50247 4148 51917 96248 46392 8349 85413 19965 12995 90185 46561 31426 43459 70134 62003 32659 79065 37009 14189 12904 4437 82377 40650 71054 11514 17923 716 62704 23442 10773 95062 38157 33394 51230 14278 81931 41860 59522 69291 69826 63268 62335 81644 66377 80819 70297 86705 60479 29428 43263 74613 47037 58649 23062 38217 
350 69
50583 77973 43339 48068 30000 17524 23282 11199 32945 48860 21429 5817 46545 65681 18196 13870 36075 48709 21631 76780 83472 33258 79482 44211 99792 60922 16359 57644 47634 97170 5083 25752 12932 69328 94998 42826 56237 40566 93700 20598 59029 86697 91772 85246 46362 97882 47290 5465 3288 89157 23480 51762 61227 56155 77831 4401 81601 34336 34448 20578 38303 47378 9092 15371 10103 72230 43004 324 30853 
443 134
42797 56446 25422 57173 8796 68394 40167 39297 85814 52724 6494 20040 91741 44006 71133 85745 91336 34015 53213 52459 95306 76950 76773 87130 84588 63350 7497 26353 10834 56009 58986 646 765 20238 3606 70428 49494 64545 75078 37979 59900 91482 66717 48293 96785 69005 82972 71046 54867 25251 79519 18945 16868 77308 87885 57204 4880 43796 91080 66003 65738 4780 87548 32363 14111 11272 94269 49728 79015 20559 66430 62705 23630 20124 31147 24864 28392 29098 97278 96198 68538 70804 8776 72335 3010 44657 74192 61665 77130 94251 31584 10902 37234 99580 75288 8785 66692 33256 62345 3240 46271 57523 83494 35369 70453 67128 5677 72862 72842 79048 27050 55060 94587 66847 93362 77305 28425 62192 86284 9047 21670 70267 91127 22860 27015 64048 13623 93341 866 9527 74163 80555 85495 44734 
140 130
54386 94656 61757 17689 50268 92443 41317 87620 4112 68429 70355 73562 3704 25186 72528 40875 42964 45501 6400 22610 61605 28236 54360 71008 10969 67661 97591 6900 99230 98338 6205 21204 94395 24750 79103 41642 95346 48442 40247 63843 58959 21977 2898 61466 95094 94978 16925 7347 6241 78090 25920 17613 56239 73343 15660 94608 41486 58024 635 2008 77803 52812 43736 77859 19399 14739 99698 89114 83279 42541 49859 51091 20079 48144 20277 32753 40940 63104 44731 84018 47120 30882 29385 19573 2140 45147 68408 35009 38634 44252 9208 22850 87245 70362 14844 62189 12514 10804 50804 97024 89050 38704 7344 84142 41519 836 40430 97176 26170 562 93335 83868 39642 80282 67642 20941 85222 24972 68308 40747 36485 82312 11407 16389 33091 91034 67983 47758 45895 27803 
112 126
79703 82288 59852 3633 42530 20288 37018 2704 47031 8967 6733 44833 5844 36505 91977 78857 56071 3481 85181 99223 24010 3894 7737 99169 42660 42281 22625 99652 62913 68186 69088 33709 69548 84660 25595 67395 40565 12971 42989 71227 860 30976 73761 31090 78620 83926 83583 48747 42310 9263 85108 14516 94877 24588 19739 53061 39937 68544 17747 77266 55368 36521 91582 84687 12880 45542 30421 93885 16438 51841 3795 4206 99646 92051 73410 5183 37575 922 93685 47522 32988 12499 97587 78813 48397 50419 36299 96084 97092 6070 85488 77519 7512 45193 54996 60806 96053 71540 87111 16429 53849 90179 42557 12231 85459 39405 4808 68762 43820 8484 18096 57849 38408 75348 64222 44011 82673 84557 99405 61604 10861 45268 89623 88248 64856 20315 
575 122
27483 14207 40225 20591 67711 75284 28490 46759 51534 73270 62342 25358 3981 2471 40590 74058 58926 4845 78759 47757 83449 28321 16422 2503 79944 25047 97806 78304 92939 21816 69868 72292 54029 54422 71918 63879 70473 69558 70310 33963 2119 67303 88666 83337 98543 35723 50567 55994 71601 64161 97480 63232 53653 52396 61644 89948 56254 48301 75100 50537 93435 33264 44777 62078 63340 14757 95322 85126 11996 65054 15970 20664 57410 18266 67035 13676 99756 50199 14381 29379 39315 89139 81777 65458 9323 61018 68335 33359 23140 15878 43879 43505 92510 61426 23552 1837 91460 33651 84688 68726 33535 69776 17535 55790 10537 14295 20420 11453 90482 26940 95366 65291 10154 4584 37455 81107 19610 30815 25864 52933 98861 29649 
447 118
93243 45638 93743 86206 76860 16665 19937 94785 76356 38361 97850 72424 58573 83932 65980 15112 32239 20162 65283 62243 72514 63252 93796 87092 59856 15450 78089 22374 25786 70139 46242 69113 32301 33590 71716 68666 11163 72588 95157 66206 91731 58923 33625 76579 81061 7536 97247 64839 47545 33054 88718 40641 47434 20465 97393 59701 26474 57783 17295 23296 94849 26134 95798 90642 40311 36158 74852 55421 37830 61301 721 94772 19020 70730 38620 13131 78904 48080 56528 80785 65519 5707 33331 62871 15503 34304 923 32420 36864 38514 75930 74552 93 10344 63432 62200 34622 46774 30888 60341 13261 98311 9033 81475 52296 84120 23485 48163 15433 80943 18580 50141 66056 73970 15643 79109 17398 14760 
0 114
48814 45358 11007 87833 1177 35319 27615 84835 89805 70381 86920 60041 20380 71381 54810 84637 5683 72715 4731 6973 86242 65856 77669 89610 11917 34608 91648 17983 39752 99650 80160 75458 84991 18369 65316 95567 38494 34541 67555 93817 96897 8024 28322 79283 42800 83261 99567 19369 59126 14769 10284 52090 54633 96284 20886 40455 85982 8930 86227 52050 71589 13782 52583 21671 35512 37925 6600 80909 1734 88953 45680 2500 93078 64658 37116 41060 93968 74784 35661 41289 37567 87332 693 67516 38069 23954 42126 89917 9027 50317 93442 30262 73467 42332 50872 6580 44616 32366 7292 50047 85336 12286 23462 42234 5610 92963 986 26528 71630 38677 31633 22510 81797 76197 
191 55
35187 72377 24308 74042 57479 78572 75833 18069 76598 63988 44131 69937 34497 75956 8252 38018 19043 51709 5253 7525 63573 68206 60005 71649 69975 77929 58173 16150 21297 4576 69395 12165 97194 24619 42183 32940 9195 21191 8007 44824 17836 52192 64771 26772 26197 52186 26098 29692 97096 16822 67330 81628 49411 9672 28644 
798 53
99636 95408 65036 19019 91123 76287 34933 22455 98943 59333 80751 6076 57900 8629 9467 40336 48634 19398 2477 55794 94967 79226 88873 74457 12095 94336 17236 12705 41873 59064 19654 31595 58109 88801 10764 39323 67722 14761 47789 96131 81528 99529 28020 29189 47590 76376 88712 38611 97026 84118 61109 87787 92008 
304 102
19039 12788 51874 92543 42238 20249 46994 72032 23871 59545 19045 54447 77154 56257 37950 36426 59169 48141 42918 84534 73409 42214 59454 89536 11582 55693 92004 23773 78083 40011 31685 45217 26919 32690 12541 35932 64411 74931 17421 33592 26361 96326 83314 41575 45988 13553 86569 49944 66476 63593 12291 93683 83217 61963 7089 67736 61527 95092 88589 69740 79877 22134 16268 32135 47131 91275 23316 19884 27316 73767 84958 66359 90526 4208 89032 90278 73956 36384 33736 85239 79589 39648 54683 35849 41400 48010 85275 36011 21258 5546 69671 23319 34975 23664 91325 45143 79017 83707 67482 38796 35245 80030 
653 98
14226 61756 36759 56714 4285 52121 377 26811 61618 41362 53885 30249 26497 58577 58949 97312 33458 25120 2168 8634 42221 49613 40005 99206 44563 36587 43829 15914 44642 46191 65604 74978 89732 20937 84909 85850 32212 6031 68208 54851 75656 55038 54279 69162 3722 4545 83942 35823 42035 7151 30640 66214 31992 89871 84643 92362 95142 47126 59591 17531 34722 92687 85804 68914 36978 63736 42625 42894 83450 57061 24795 33017 96732 75177 5847 48735 65346 41880 80760 13818 34717 74460 33314 82551 93883 47235 53306 33919 84960 18224 25633 60640 49491 93592 18744 14041 6025 63607 
779 94
6157 73120 89505 32674 8456 48319 70714 413 46909 10654 20903 59349 50634 63621 36572 21132 64087 72337 61173 24847 34148 23957 42794 85812 98502 79758 77140 25396 76316 82541 92618 20530 47396 76219 30584 42872 71147 95195 60716 85699 75373 61767 6683 82121 19604 91450 83880 79181 39263 20536 17773 67910 55150 24445 80373 51758 70169 85923 2047 1535 38442 24889 9266 89007 85600 14890 87949 98302 85844 21901 19307 86218 60910 23688 11261 69610 97121 50637 23025 44186 33789 67657 58026 26421 38507 83285 83709 55889 22093 17000 33695 14998 48394 86998 
772 90
43342 53518 65576 48768 66225 5549 44903 32781 84615 44773 64805 54358 4368 1878 59713 54568 70464 11911 88961 25646 81013 99797 92406 77074 98879 39128 78256 87449 55823 51311 26012 83802 62158 40100 13518 37833 82227 6915 32571 59874 43184 72302 91370 47703 14881 37068 30695 75136 50443 94590 86286 23184 61892 59884 83057 28220 40802 19847 23629 11399 42473 29419 34733 4356 32661 29427 43353 2982 69564 7416 68850 56981 80870 74659 2126 98477 16202 65954 41885 70611 40043 90192 75351 31128 27886 83267 68689 87575 39733 77383 
71 86
99485 77393 12677 9494 20784 51851 51912 67288 61340 60821 4063 84843 47612 67563 41757 54031 51380 54274 67812 35662 26944 63018 43401 18012 87992 61660 19271 93018 16097 85421 59685 9553 53895 511 356 13349 78373 90789 28323 61810 30299 43741 76869 97443 49691 18637 92774 95422 91534 43467 74191 70315 58009 94351 35720 27182 79354 34672 1419 20819 11462 37690 38465 95756 58423 12676 77098 28138 62876 28424 93353 86137 30588 83817 7505 9815 54953 61465 56658 12218 18086 58288 68517 53580 18084 66441 
270 41
86761 82414 81682 70955 97077 87259 88508 38132 33983 57718 68598 52249 29239 69396 42197 53921 29984 71376 1112 18925 35430 75256 60531 5577 51005 82629 44847 62173 18182 79415 87027 93250 17385 50135 6720 15567 91753 70680 45962 65667 98082 
37 78
66008 25835 65469 91657 79063 74031 74466 56514 64920 69225 63931 58089 87943 47401 90508 87757 35604 38825 18051 52692 26680 97915 83605 63402 82443 84894 91327 64738 56382 56645 22817 85811 85569 14493 47066 96036 66198 92756 12479 58570 49184 25645 15202 81137 18989 14071 57423 55337 36518 89940 22732 54548 1903 4354 40497 96840 71328 22759 95601 58947 37100 96502 81087 60280 98307 16869 36258 92419 51696 10105 49750 27158 74866 22573 94942 61490 67938 30163 
476 37
93908 81594 39332 34967 11057 9063 82521 63827 12470 52762 68710 16141 71335 20526 49401 11229 75714 13967 78346 19364 54393 79287 22719 4077 60066 83613 32077 49047 50486 78070 4164 91962 63481 40209 41573 87371 56421 
80 70
77309 24518 85087 36743 98793 28863 70486 57111 32071 24357 94015 18331 86261 28910 12657 77147 37056 94061 22092 42286 5700 92819 44220 62072 82373 88602 59994 89111 60616 39915 15217 11251 52139 7430 42182 33209 18491 17366 77307 95052 59757 80588 12119 19599 23837 27441 31310 80395 21153 7425 55506 79491 89275 65915 59001 59275 60582 83516 7398 73795 29294 47588 35630 12976 44763 5957 43327 39862 70188 85347 
902 66
46664 4017 76347 65567 79106 89559 30327 26061 66207 777 66577 30227 95014 77157 2649 27287 82908 71653 79644 50670 44321 87345 99455 55727 52286 22645 10590 63972 99091 26599 18650 91236 51395 74426 39848 68545 95285 83546 48037 92058 74981 93819 31353 59240 74943 23093 4122 25351 76939 60134 42932 23338 67302 63824 7369 38785 31505 7207 71350 19432 2441 56449 97557 69626 97454 56333 
316 62
75062 47273 56212 77505 87306 27590 32542 8676 72022 31953 94497 98893 60397 2137 33556 94807 3179 84755 43744 77214 25309 49335 77059 85097 45887 65990 26928 74530 28111 83915 3889 45114 32457 96259 91318 89386 11097 88947 40476 37633 54607 62644 13679 66571 49042 2659 55032 20740 61631 11253 55697 94774 2640 57317 79323 54039 16725 33313 58413 52935 52354 72445 
428 58
21178 30215 57976 69455 45612 63289 22671 62468 67465 37229 73229 22803 59508 77419 24354 8757 12313 44366 44039 56811 63304 33114 818 64359 94375 61428 12136 68491 17782 64031 37835 87206 89460 69152 83659 46403 96714 5337 57059 85366 78918 44302 12320 31376 51202 95537 34949 34906 57851 69804 74879 81984 30564 6645 39712 90228 52526 77357 
536 54
46009 83130 17051 74619 6674 87102 43221 90409 73283 2892 40447 49896 76783 8010 9720 10372 35698 32864 54209 3332 80466 7728 2412 3525 6659 64587 19840 50002 77417 46347 1760 25533 37846 37565 77977 81558 4078 63165 40954 59947 35736 99975 55700 96226 5500 30803 1356 85127 11225 49967 76198 68377 15690 81746 
676 50
50246 11449 31631 67773 623 30264 86437 7937 76131 9129 39839 94042 24689 7616 53271 28463 73935 41188 93045 29539 70993 56265 75662 40425 66882 44635 24225 16972 54539 94462 55218 38100 64882 67125 31034 41117 12552 56443 2 27028 95875 18513 6466 31293 78906 64188 76506 73625 52634 72546 
569 46
53084 47553 78220 41926 2996 4841 98824 14734 80323 99527 39669 31712 14259 54872 94570 7036 6851 15829 70001 58028 98881 46385 31941 95517 57757 8237 39292 72104 67949 20575 92010 16211 87278 15677 70244 22494 84093 66091 26261 45502 59945 48216 83075 59804 16923 94123 
242 42
12081 1303 30964 16393 15635 37570 90722 65180 45038 38924 27769 65383 61215 18145 12896 97427 14799 92149 86359 33401 20383 55520 32637 37892 90908 92629 69741 59530 58919 61062 36540 70020 5609 64039 12546 69834 38221 53026 77616 26568 22996 12435 
650 38
75111 81330 63682 40416 17269 4749 50021 36372 69294 67805 2691 30188 687 86187 89341 45237 65473 97274 18207 28554 68811 11843 79012 32079 59082 78934 11395 40375 31795 55615 56660 80936 83756 2776 68431 98928 21089 62905 
56 34
63288 68135 43873 93618 45174 40665 19492 49708 81095 31184 56426 42196 59659 91621 91122 25264 29861 55446 17046 23432 68342 65792 39810 67272 60880 39539 90861 10024 64520 86272 13369 45488 77511 11001 
687 15
64489 35409 75409 28149 68971 14175 60920 58704 7671 62127 65195 3920 10482 83736 71810 
64 12
34983 49970 6197 22981 37294 82611 29594 3807 69157 89945 6498 44993 
809 18
92468 12028 85654 67119 46820 35420 13307 27234 83407 83858 26242 53236 78967 40671 14718 40733 28574 73333 
356 6
97677 61995 29785 52232 11658 92264 
535 3
31318 92078 86171 
